      0/99        0G   0.07114   0.02187   0.01549    0.1085        28       640   0.05168   0.03659  0.008794  0.001387   0.08088   0.01115   0.01493
      1/99        0G   0.05824   0.02219   0.01187   0.09229        47       640      0.62    0.2927     0.111   0.02318   0.06431  0.009384   0.01318
      2/99        0G   0.05162   0.01959  0.009321   0.08052        40       640    0.6741    0.4146    0.2152   0.06353   0.05975  0.008033   0.01118
      3/99        0G   0.05562   0.01686  0.008619    0.0811        46       640    0.2574    0.4031     0.249    0.0928   0.06354  0.007764   0.01037
      4/99        0G   0.05298   0.01614  0.007735   0.07685        42       640    0.2241    0.4665     0.301    0.1186   0.06025  0.008019    0.0101
      5/99        0G   0.05467   0.01682  0.008068   0.07956        45       640    0.8221    0.2439    0.2362   0.09597   0.07159  0.007578   0.01209
      6/99        0G   0.05473   0.01675   0.00726   0.07874        35       640    0.7577    0.3632    0.2663    0.1198   0.05347  0.008888  0.009527
      7/99        0G   0.05134   0.01737   0.00717   0.07588        35       640     0.699    0.2178    0.1718   0.04105    0.0627  0.008306   0.01135
      8/99        0G   0.05674   0.01862  0.008005   0.08337        52       640     0.625   0.08534    0.0432   0.01186    0.0643  0.009826   0.01407
      9/99        0G   0.05368   0.01944  0.008334   0.08145        56       640    0.1057    0.4922    0.1134   0.03362   0.06183  0.008927  0.009484
     10/99        0G   0.05208   0.01845  0.007269    0.0778        62       640    0.3253    0.5184    0.3349    0.1138   0.06167  0.009203   0.00712
     11/99        0G   0.04868   0.01813  0.007059   0.07386        34       640    0.2921    0.4447    0.3609    0.1266   0.06287  0.009035   0.02089
     12/99        0G   0.05003   0.01738  0.006357   0.07377        45       640    0.4832    0.3849     0.332     0.129   0.05755  0.008174  0.009024
     13/99        0G   0.05051   0.01763  0.006302   0.07445        37       640    0.3401    0.4056    0.3492     0.149   0.06576  0.008127    0.0113
     14/99        0G   0.05023   0.01809  0.007103   0.07543        37       640    0.3599    0.3324    0.2606    0.1041   0.06205  0.008839   0.01144
     15/99        0G   0.04947   0.01824  0.007196   0.07491        54       640    0.3731    0.4559    0.3303    0.1387   0.07037  0.009392   0.01002
     16/99        0G   0.05131   0.01742  0.006348   0.07508        42       640    0.2617    0.3812    0.2263   0.09049   0.06288  0.008952   0.00704
     17/99        0G   0.05175   0.01727  0.006226   0.07525        45       640    0.2779    0.2964    0.2247   0.09066   0.05845  0.009502  0.006717
     18/99        0G   0.04937   0.01708  0.006443   0.07289        59       640    0.5889    0.5051    0.4477    0.2215   0.05826  0.009207  0.005369
     19/99        0G   0.04481   0.01701  0.005939   0.06776        42       640    0.4273    0.6063    0.4998     0.247    0.0538  0.009504  0.008654
     20/99        0G      0.04   0.01598  0.005693   0.06167        44       640    0.6427     0.616    0.6236    0.3331   0.05352   0.00924  0.006621
     21/99        0G   0.04123   0.01636  0.005318   0.06291        32       640    0.4459    0.6166    0.5241    0.2793   0.05366  0.009091   0.01203
     22/99        0G   0.03946   0.01624  0.005009   0.06071        46       640    0.5881    0.7442    0.6391    0.3134   0.04941   0.00928  0.007315
     23/99        0G   0.04206   0.01579  0.005503   0.06336        41       640     0.463    0.6929    0.6416      0.31   0.05219    0.0095  0.006368
     24/99        0G    0.0381   0.01595  0.005256   0.05931        47       640    0.5025    0.6653    0.6088    0.2984   0.04873  0.009925  0.005759
     25/99        0G   0.04092   0.01567  0.005466   0.06205        35       640      0.55    0.6576    0.5538    0.2849   0.05358  0.009334   0.01182
     26/99        0G    0.0392   0.01558  0.004908   0.05969        52       640    0.5675    0.7002    0.6444    0.3143   0.04781      0.01  0.005109
     27/99        0G   0.03692   0.01548  0.004874   0.05727        39       640    0.6053    0.6942    0.6374    0.3061   0.04911  0.009451  0.008301
     28/99        0G   0.03941   0.01542  0.005386   0.06022        35       640    0.5546    0.6807    0.6524    0.3221   0.04836  0.009788  0.009305
     29/99        0G   0.03807   0.01543   0.00542   0.05892        39       640     0.621    0.7045    0.6673    0.3071   0.04951  0.009543  0.007233
     30/99        0G     0.036   0.01535  0.004986   0.05634        48       640    0.6669    0.7695    0.7533    0.3754   0.04693  0.009644   0.00797
     31/99        0G   0.03717   0.01533  0.005096    0.0576        50       640    0.6799    0.7186    0.7105    0.3666   0.04588   0.01023  0.004436
     32/99        0G   0.03622   0.01558  0.005129   0.05694        47       640    0.7695    0.7442    0.7481    0.3906   0.04784  0.009716   0.00649
     33/99        0G   0.03535   0.01413  0.004704   0.05418        41       640    0.6985    0.6679    0.6897    0.3983   0.04717  0.009075  0.006046
     34/99        0G   0.03727   0.01475  0.005826   0.05784        30       640    0.7069    0.7055    0.7118    0.3928   0.04523    0.0092  0.005706
     35/99        0G   0.03583    0.0152  0.004459   0.05549        44       640    0.6759    0.7184    0.7066    0.3664   0.04482  0.009621  0.004359
     36/99        0G   0.03335   0.01499  0.005119   0.05346        35       640    0.7228    0.6801     0.681    0.4074   0.04278   0.01004  0.004765
     37/99        0G   0.03372    0.0148  0.004814   0.05333        44       640    0.6549    0.5962    0.6276    0.3507   0.04127  0.009696  0.005058
     38/99        0G   0.03687   0.01515  0.005177    0.0572        48       640    0.6314    0.7054    0.6533    0.3866   0.04098   0.01008  0.005172
     39/99        0G   0.03368   0.01507  0.004382   0.05313        43       640    0.6481    0.7699    0.7272     0.405   0.04065  0.009711  0.004968
     40/99        0G   0.03551   0.01482  0.004455   0.05478        48       640    0.7034    0.7184    0.6892    0.4157   0.04246  0.009222  0.005101
     41/99        0G   0.03653    0.0146  0.004824   0.05595        51       640    0.7036     0.671     0.665    0.3555   0.04377  0.009639  0.005677
     42/99        0G   0.03341   0.01425  0.004978   0.05264        44       640    0.7184    0.6577    0.6856    0.3531   0.04048  0.009633  0.005237
     43/99        0G   0.03586   0.01465  0.004848   0.05536        43       640    0.6435    0.7064     0.666    0.3778   0.04137  0.009415  0.004949
     44/99        0G    0.0328   0.01487  0.004138   0.05181        40       640    0.7377     0.732    0.7522    0.4232   0.03958  0.009279  0.004448
     45/99        0G   0.03447   0.01479  0.004873   0.05414        48       640    0.6055    0.5063    0.5161    0.2852   0.04903  0.009969  0.007754
     46/99        0G   0.03581   0.01436  0.005038   0.05521        48       640    0.6479    0.7442    0.6997    0.4187   0.03957  0.009005  0.004241
     47/99        0G   0.03485   0.01471  0.004857   0.05441        56       640    0.7382    0.6541    0.6925     0.419   0.04355  0.009391  0.004853
     48/99        0G   0.03464   0.01462  0.003927   0.05319        37       640    0.6496    0.6936    0.6891    0.4509   0.04223  0.009017  0.004362
     49/99        0G   0.03378   0.01494  0.004379    0.0531        24       640    0.8073    0.6942    0.7252    0.4157   0.03815  0.008957   0.00506
     50/99        0G   0.03565   0.01447  0.004519   0.05464        54       640    0.7005    0.7955    0.7549    0.4857   0.03839  0.008231  0.004599
     51/99        0G   0.03484   0.01504  0.004866   0.05475        46       640    0.7926    0.7192    0.7364    0.4684    0.0377   0.00852  0.004473
     52/99        0G   0.03463   0.01445  0.004718   0.05381        39       640    0.7432    0.6423     0.728    0.4381   0.03619  0.009145    0.0053
     53/99        0G   0.03368    0.0141    0.0049   0.05268        36       640    0.7594    0.7699    0.7616    0.4844   0.03701  0.008688  0.005681
     54/99        0G   0.03298   0.01412  0.004089   0.05119        44       640    0.7444    0.8023    0.7319    0.4541   0.03675  0.008948  0.005594
     55/99        0G   0.03441   0.01471  0.004355   0.05347        50       640    0.8352    0.7827    0.7634    0.5041   0.03512  0.008732  0.005341
     56/99        0G   0.03039   0.01407  0.003592   0.04805        51       640    0.7848     0.796    0.7585    0.4551   0.03439  0.008729  0.005161
     57/99        0G   0.03299   0.01425  0.004642   0.05188        51       640    0.7075     0.732    0.7232    0.4589   0.03664    0.0089  0.004856
     58/99        0G   0.03342   0.01452  0.004043   0.05198        60       640    0.9268     0.718    0.8017    0.5314   0.03639  0.008483  0.004628
     59/99        0G   0.03323   0.01396   0.00395   0.05114        49       640     0.829    0.7568    0.7665    0.4972   0.03686  0.008022  0.004127
     60/99        0G   0.03167     0.014  0.004158   0.04983        48       640    0.6756    0.7699    0.7443    0.4942   0.03788  0.008189  0.004446
     61/99        0G    0.0321   0.01407   0.00389   0.05006        75       640    0.8046    0.7827    0.7888     0.481   0.03764  0.008279  0.005257
     62/99        0G   0.03196   0.01415  0.003479   0.04959        40       640    0.8201    0.8079    0.7937    0.4882   0.03732  0.008081  0.005568
     63/99        0G   0.03128    0.0132  0.003579   0.04806        32       640    0.7588    0.8089    0.7748    0.5012   0.03738  0.008006  0.006375
     64/99        0G   0.03183   0.01343  0.004201   0.04946        36       640    0.8056    0.6915    0.7218    0.4963    0.0363  0.007991  0.006076
     65/99        0G    0.0349   0.01383  0.003862   0.05259        52       640    0.7028    0.8083    0.7524     0.484    0.0388  0.007837  0.006197
     66/99        0G   0.03218   0.01334  0.003665   0.04918        57       640    0.7892    0.8083    0.7917    0.5126   0.03637  0.008189  0.005216
     67/99        0G    0.0331    0.0141  0.003829   0.05102        43       640    0.8207    0.7699    0.7852    0.5051   0.03612  0.008344   0.00488
     68/99        0G   0.03104   0.01355  0.004041   0.04863        39       640    0.7861    0.7705    0.7737    0.5117   0.03547  0.008535  0.005383
     69/99        0G   0.03088   0.01343  0.003493    0.0478        49       640    0.7554    0.7699    0.7558    0.5228   0.03546  0.008618  0.005483
     70/99        0G   0.03129   0.01366  0.004605   0.04956        49       640    0.7966    0.7824    0.7804    0.5225   0.03618  0.008274  0.005461
     71/99        0G   0.03286   0.01406  0.004124   0.05105        38       640    0.7366     0.834    0.7719    0.5384   0.03572  0.007895  0.004893
     72/99        0G   0.03022   0.01319  0.003201   0.04661        30       640    0.7808    0.8466    0.7791    0.5273   0.03624  0.008191  0.004598
     73/99        0G   0.02995   0.01352  0.003696   0.04716        40       640    0.7947    0.8211    0.7791     0.512   0.03565  0.008181  0.004808
     74/99        0G    0.0331   0.01335  0.003754   0.05021        63       640    0.7461     0.783    0.7637    0.5026   0.03444  0.008168  0.004653
     75/99        0G   0.03177   0.01329  0.004307   0.04936        53       640    0.7949    0.7833    0.7937    0.5009   0.03325  0.008155  0.004605
     76/99        0G   0.03031   0.01328   0.00361    0.0472        33       640    0.7776    0.7821    0.7759     0.512   0.03223  0.008241    0.0044
     77/99        0G   0.02969   0.01307  0.003459   0.04622        38       640    0.8149    0.8083    0.8047      0.53   0.03394   0.00809  0.004702
     78/99        0G   0.03269   0.01313  0.003833   0.04965        36       640    0.7932    0.8596    0.8329    0.5269   0.03369  0.008141  0.004645
     79/99        0G   0.03166   0.01281  0.003548   0.04803        44       640    0.8019    0.8211    0.8069    0.5412   0.03334  0.008121  0.004671
     80/99        0G   0.02937   0.01259  0.003802   0.04577        30       640    0.8204    0.8209    0.7999    0.5468   0.03353   0.00795  0.004957
     81/99        0G   0.03161   0.01346  0.004104   0.04917        52       640    0.8087    0.8089    0.8064    0.5069   0.03273  0.007933  0.004664
     82/99        0G   0.03025   0.01323  0.003431   0.04691        42       640    0.8349    0.8456    0.8294    0.5075   0.03394  0.007907  0.004771
     83/99        0G   0.02994     0.013   0.00403   0.04697        42       640    0.8123    0.8596     0.831    0.5327   0.03466  0.007639  0.004789
     84/99        0G   0.03202   0.01298    0.0037    0.0487        37       640    0.8302    0.8466    0.8056    0.5339   0.03517  0.007466  0.005485
     85/99        0G   0.03105   0.01328  0.003487   0.04781        51       640    0.7939    0.8211    0.7853    0.5324   0.03494  0.007696   0.00539
     86/99        0G   0.02956   0.01303  0.003657   0.04625        38       640    0.8306    0.8211    0.8076    0.5453   0.03484  0.007627  0.005227
     87/99        0G   0.03129   0.01271  0.003285   0.04729        65       640    0.8074    0.7955    0.7709    0.5329   0.03483  0.007636  0.005364
     88/99        0G   0.03111   0.01321  0.003386   0.04771        48       640    0.7876    0.7827    0.7776    0.5293   0.03423  0.007755  0.005488
     89/99        0G   0.02927    0.0127  0.003538   0.04551        39       640    0.7839    0.8207    0.8008    0.5313   0.03427  0.007565  0.005968
     90/99        0G   0.02943   0.01317   0.00334   0.04594        44       640    0.8414    0.7699    0.8047    0.5372   0.03427  0.007602  0.006271
     91/99        0G   0.02929   0.01291  0.003322   0.04553        38       640    0.8327    0.7827    0.8022    0.5328    0.0333  0.007588  0.006313
     92/99        0G   0.02967   0.01216  0.003098   0.04493        42       640    0.8461    0.8205    0.8116    0.5494   0.03291  0.007425  0.006049
     93/99        0G     0.029   0.01313  0.003078   0.04521        56       640     0.847    0.8083     0.814    0.5559   0.03343  0.007451  0.005653
     94/99        0G   0.02989   0.01292  0.004395   0.04721        52       640    0.8275    0.8083    0.7983    0.5305   0.03313  0.007557  0.005394
     95/99        0G   0.02821   0.01324  0.003428   0.04487        38       640    0.8293    0.8211    0.7979    0.5419   0.03295  0.007603  0.005484
     96/99        0G   0.02814   0.01297  0.002863   0.04397        67       640    0.8588    0.7955    0.8073    0.5268   0.03356  0.007783  0.005727
     97/99        0G    0.0311   0.01328  0.004625     0.049        41       640    0.8598    0.7825    0.8049    0.5419   0.03334  0.007697   0.00524
     98/99        0G   0.02853   0.01252  0.003198   0.04425        38       640    0.8842    0.7827    0.8106    0.5334   0.03305  0.007791  0.004875
     99/99        0G   0.02971    0.0132  0.002802   0.04571        47       640    0.8986    0.7827    0.8192    0.5457   0.03328  0.008097  0.005016
